2,5,6,7,11 8 4,9,10,12
2,5,6,7,11 4,9 8,10,12
2,5,6,7,11 4,10 8,9,12
2,5,6,7,11 4,12 8,9,10
2,5,6,7,11 9,10 4,8,12
2,5,6,7,11 9,12 4,8,10
2,5,6,7,11 10,12 4,8,9
4,5,6,7,11 8 2,9,10,12
4,5,6,7,11 2,9 8,10,12
4,5,6,7,11 2,10 8,9,12
4,5,6,7,11 2,12 8,9,10
4,5,6,7,11 9,10 2,8,12
4,5,6,7,11 9,12 2,8,10
4,5,6,7,11 10,12 2,8,9
5,6,7,9,11 8 2,4,10,12
5,6,7,9,11 2,4 8,10,12
5,6,7,9,11 2,10 4,8,12
5,6,7,9,11 2,12 4,8,10
5,6,7,9,11 4,10 2,8,12
5,6,7,9,11 4,12 2,8,10
5,6,7,9,11 10,12 2,4,8
5,6,7,10,11 8 2,4,9,12
5,6,7,10,11 2,4 8,9,12
5,6,7,10,11 2,9 4,8,12
5,6,7,10,11 2,12 4,8,9
5,6,7,10,11 4,9 2,8,12
5,6,7,10,11 4,12 2,8,9
5,6,7,10,11 9,12 2,4,8
5,6,7,11,12 8 2,4,9,10
5,6,7,11,12 2,4 8,9,10
5,6,7,11,12 2,9 4,8,10
5,6,7,11,12 2,10 4,8,9
5,6,7,11,12 4,9 2,8,10
5,6,7,11,12 4,10 2,8,9
5,6,7,11,12 9,10 2,4,8
2,4,5,6,7,8 9,10 11,12
2,4,5,6,7,8 9,12 10,11
2,4,5,6,7,8 10,12 9,11
2,5,6,7,8,9 4,10 11,12
2,5,6,7,8,9 4,12 10,11
2,5,6,7,8,9 10,12 4,11
2,5,6,7,8,10 4,9 11,12
2,5,6,7,8,10 4,12 9,11
2,5,6,7,8,10 9,12 4,11
2,5,6,7,8,12 4,9 10,11
2,5,6,7,8,12 4,10 9,11
2,5,6,7,8,12 9,10 4,11
4,5,6,7,8,9 2,10 11,12
4,5,6,7,8,9 2,12 10,11
4,5,6,7,8,9 10,12 2,11
4,5,6,7,8,10 2,9 11,12
4,5,6,7,8,10 2,12 9,11
4,5,6,7,8,10 9,12 2,11
4,5,6,7,8,12 2,9 10,11
4,5,6,7,8,12 2,10 9,11
4,5,6,7,8,12 9,10 2,11
5,6,7,8,9,10 2,4 11,12
5,6,7,8,9,10 2,12 4,11
5,6,7,8,9,10 4,12 2,11
5,6,7,8,9,12 2,4 10,11
5,6,7,8,9,12 2,10 4,11
5,6,7,8,9,12 4,10 2,11
5,6,7,8,10,12 2,4 9,11
5,6,7,8,10,12 2,9 4,11
5,6,7,8,10,12 4,9 2,11
2,4,5,6,7,9,10 8 11,12
2,4,5,6,7,9,12 8 10,11
2,4,5,6,7,10,12 8 9,11
2,5,6,7,9,10,12 8 4,11
4,5,6,7,9,10,12 8 2,11
